[gd_scene format=3 uid="uid://bnl2ph8jk6so0"]

[ext_resource type="PackedScene" uid="uid://dks1v01wlhb4n" path="res://scenes/tracks/GrandPrixRoad.tscn" id="1_14mt6"]
[ext_resource type="PackedScene" uid="uid://dxf5k3tjbt3fr" path="res://assets/startingline/start_finish_line.tscn" id="2_vsrdp"]
[ext_resource type="PackedScene" uid="uid://dtqmtej60eiwg" path="res://assets/map materials/clouds_cartoon.glb" id="4_vsrdp"]
[ext_resource type="PackedScene" uid="uid://btx1stse786ck" path="res://assets/map materials/rowBlock.tscn" id="5_7r4hb"]
[ext_resource type="Texture2D" uid="uid://bfvpueeqp5jmd" path="res://assets/textures/beach-texture-with-golden-sandy-waves-vector.jpg" id="5_07tqh"]
[ext_resource type="PackedScene" uid="uid://5ty0akyi1wid" path="res://assets/map materials/tree-tall.glb" id="6_k3xu6"]
[ext_resource type="PackedScene" uid="uid://cj5ej61dhs8eq" path="res://scenes/karts/blueKart.tscn" id="8_07tqh"]

[sub_resource type="Environment" id="Environment_14mt6"]
background_mode = 1
background_color = Color(0, 0.72156864, 1, 1)
background_energy_multiplier = 1.33

[sub_resource type="BoxMesh" id="BoxMesh_vsrdp"]
size = Vector3(1500, 1, 1200)

[sub_resource type="StandardMaterial3D" id="StandardMaterial3D_vsrdp"]
albedo_color = Color(0.6291072, 0.5560062, 0.34573933, 1)
albedo_texture = ExtResource("5_07tqh")
uv1_scale = Vector3(5, 5, 5)

[sub_resource type="BoxShape3D" id="BoxShape3D_7r4hb"]
size = Vector3(1392, 1, 1138)

[node name="GrandPrixMap" type="Node3D" unique_id=1003048214]

[node name="RoadManager" parent="." unique_id=1045701319 instance=ExtResource("1_14mt6")]
transform = Transform3D(0.35, 0, 0, 0, 0.35, 0, 0, 0, 0.35, 109.114, 0, -126.711)
metadata/_edit_lock_ = true

[node name="startingline" parent="." unique_id=325181818 instance=ExtResource("2_vsrdp")]
transform = Transform3D(-0.10516428, 0, -3.748525, 0, 3.75, 0, 3.748525, 0, -0.10516428, 24.911133, 0.023638964, -125.63071)
metadata/_edit_lock_ = true

[node name="player" parent="." unique_id=320775412 instance=ExtResource("8_07tqh")]
transform = Transform3D(6.7055225e-08, 0, -1, 0, 1, 0, 1, 0, 6.7055225e-08, 13, 0.5, -123)

[node name="light2" type="DirectionalLight3D" parent="." unique_id=986233963]
transform = Transform3D(0.66591465, -0.7252446, -0.17486572, -0.3097347, -0.4820103, 0.8195917, -0.6786915, -0.49161607, -0.54561114, -20.957016, 77.46153, -342.74768)

[node name="light3" type="DirectionalLight3D" parent="." unique_id=380812840]
transform = Transform3D(0.17415872, -0.82945365, 0.530731, -0.713475, 0.26517966, 0.6485623, -0.6786915, -0.4916161, -0.54561114, 219.84538, 77.46153, 197.53107)

[node name="light4" type="DirectionalLight3D" parent="." unique_id=646460257]
transform = Transform3D(0.17415872, -0.8294537, 0.530731, -0.713475, 0.2651797, 0.6485624, -0.6786915, -0.49161613, -0.5456111, -312.30402, 77.46153, -76.70471)

[node name="light1" type="DirectionalLight3D" parent="." unique_id=753047824]
transform = Transform3D(-0.9397109, -0.1877957, -0.28579116, -0.19419971, -0.39483085, 0.8979951, -0.28147873, 0.89935607, 0.33455682, -35.534973, 77.46153, 307.10068)

[node name="WorldEnvironment" type="WorldEnvironment" parent="." unique_id=552951803]
environment = SubResource("Environment_14mt6")

[node name="cloud1" parent="." unique_id=600830666 instance=ExtResource("4_vsrdp")]
transform = Transform3D(1, 0, 0, 0, 1, 0, 0, 0, 1, 43, 48, -172)

[node name="cloud2" parent="." unique_id=1502935875 instance=ExtResource("4_vsrdp")]
transform = Transform3D(0.25881907, 0, -0.9659258, 0, 1, 0, 0.9659258, 0, 0.25881907, 43, 69, 100)

[node name="cloud3" parent="." unique_id=935128971 instance=ExtResource("4_vsrdp")]
transform = Transform3D(-0.7071068, 0, -0.70710677, 0, 1, 0, 0.70710677, 0, -0.7071068, 358, 51, 100)

[node name="cloud4" parent="." unique_id=186292329 instance=ExtResource("4_vsrdp")]
transform = Transform3D(0.49999994, 0, -0.86602545, 0, 1, 0, 0.86602545, 0, 0.49999994, 290, 108, -228)

[node name="cloud5" parent="." unique_id=129801226 instance=ExtResource("4_vsrdp")]
transform = Transform3D(0.49999994, 0, -0.86602545, 0, 1, 0, 0.86602545, 0, 0.49999994, -250, 67, 149)

[node name="cloud6" parent="." unique_id=430646653 instance=ExtResource("4_vsrdp")]
transform = Transform3D(0.49999994, 0, -0.86602545, 0, 1, 0, 0.86602545, 0, 0.49999994, -250, 67, -233.6384)

[node name="cloud7" parent="." unique_id=90500015 instance=ExtResource("4_vsrdp")]
transform = Transform3D(0.49999994, 0, -0.86602545, 0, 1, 0, 0.86602545, 0, 0.49999994, -23.031464, 67, 346.3483)

[node name="cloud8" parent="." unique_id=248897185 instance=ExtResource("4_vsrdp")]
transform = Transform3D(0.98833764, 0, 0.1522786, 0, 1, 0, -0.1522786, 0, 0.98833764, 270.2196, 67, 346.3483)

[node name="cloud9" parent="." unique_id=741665722 instance=ExtResource("4_vsrdp")]
transform = Transform3D(0.5786408, 0, -0.8155825, 0, 1, 0, 0.8155825, 0, 0.5786408, 566.21094, 44.239014, 346.3483)

[node name="cloud10" parent="." unique_id=491208764 instance=ExtResource("4_vsrdp")]
transform = Transform3D(0.5786408, 0, -0.8155825, 0, 1, 0, 0.8155825, 0, 0.5786408, 566.21094, 44.239014, 15.348297)

[node name="cloud11" parent="." unique_id=1437590199 instance=ExtResource("4_vsrdp")]
transform = Transform3D(0.41699472, 0, 0.90890896, 0, 1, 0, -0.90890896, 0, 0.41699472, 566.21094, 44.239014, -267.6517)

[node name="cloud12" parent="." unique_id=1816312235 instance=ExtResource("4_vsrdp")]
transform = Transform3D(0.41699472, 0, 0.90890896, 0, 1, 0, -0.90890896, 0, 0.41699472, 74.21094, 44.239014, -346.6517)

[node name="cloud13" parent="." unique_id=1617853893 instance=ExtResource("4_vsrdp")]
transform = Transform3D(0.9956355, 0, 0.09332639, 0, 1, 0, -0.09332639, 0, 0.9956355, -412.78906, 44.239014, -29.651703)

[node name="cloud14" parent="." unique_id=1642134522 instance=ExtResource("4_vsrdp")]
transform = Transform3D(0.9858647, 0, -0.16754305, 0, 1, 0, 0.16754305, 0, 0.9858647, -412.78906, 44.239014, 374.3483)

[node name="floor" type="StaticBody3D" parent="." unique_id=1834771433]
metadata/_edit_lock_ = true

[node name="MeshInstance3D" type="MeshInstance3D" parent="floor" unique_id=766401918]
transform = Transform3D(1, 0, 0, 0, 1, 0, 0, 0, 1, 81.149, -0.99, -87.791)
mesh = SubResource("BoxMesh_vsrdp")
surface_material_override/0 = SubResource("StandardMaterial3D_vsrdp")
metadata/_edit_lock_ = true

[node name="CollisionShape3D" type="CollisionShape3D" parent="floor" unique_id=1570458478]
transform = Transform3D(1, 0, 0, 0, 1, 0, 0, 0, 1, 66, -0.88, -119)
shape = SubResource("BoxShape3D_7r4hb")
metadata/_edit_lock_ = true

[node name="rowBlock1" parent="." unique_id=697636062 instance=ExtResource("5_7r4hb")]
transform = Transform3D(1, 0, 0, 0, 1, 0, 0, 0, 1, 27, 0, -111.5)

[node name="rowBlock132" parent="." unique_id=183896898 instance=ExtResource("5_7r4hb")]
transform = Transform3D(1, 0, 0, 0, 1, 0, 0, 0, 1, 28, 0, -140.5)

[node name="rowBlock133" parent="." unique_id=1139942840 instance=ExtResource("5_7r4hb")]
transform = Transform3D(1, 0, 0, 0, 1, 0, 0, 0, 1, 50, 0, -139.9)

[node name="rowBlock134" parent="." unique_id=1698010010 instance=ExtResource("5_7r4hb")]
transform = Transform3D(1, 0, 0, 0, 1, 0, 0, 0, 1, 72.1, 0, -140)

[node name="rowBlock135" parent="." unique_id=516808427 instance=ExtResource("5_7r4hb")]
transform = Transform3D(1, 0, 0, 0, 1, 0, 0, 0, 1, 93.1, 0, -141)

[node name="rowBlock136" parent="." unique_id=2065351561 instance=ExtResource("5_7r4hb")]
transform = Transform3D(1, 0, 0, 0, 1, 0, 0, 0, 1, 116, 0, -140.1)

[node name="rowBlock137" parent="." unique_id=1086875394 instance=ExtResource("5_7r4hb")]
transform = Transform3D(1, 0, 0, 0, 1, 0, 0, 0, 1, 136.1, 0, -140)

[node name="rowBlock138" parent="." unique_id=1867456442 instance=ExtResource("5_7r4hb")]
transform = Transform3D(1, 0, 0, 0, 1, 0, 0, 0, 1, 155.1, 0, -140)

[node name="rowBlock139" parent="." unique_id=799151975 instance=ExtResource("5_7r4hb")]
transform = Transform3D(1, 0, 0, 0, 1, 0, 0, 0, 1, 173.1, 0, -140)

[node name="rowBlock140" parent="." unique_id=1033549002 instance=ExtResource("5_7r4hb")]
transform = Transform3D(1, 0, 0, 0, 1, 0, 0, 0, 1, 192.1, 0, -140)

[node name="rowBlock141" parent="." unique_id=1857650002 instance=ExtResource("5_7r4hb")]
transform = Transform3D(1, 0, 0, 0, 1, 0, 0, 0, 1, 214.1, 0, -140)

[node name="rowBlock142" parent="." unique_id=280121582 instance=ExtResource("5_7r4hb")]
transform = Transform3D(1, 0, 0, 0, 1, 0, 0, 0, 1, 235.1, 0, -140)

[node name="rowBlock143" parent="." unique_id=383566951 instance=ExtResource("5_7r4hb")]
transform = Transform3D(1, 0, 0, 0, 1, 0, 0, 0, 1, 278.1, 0, -140)

[node name="rowBlock145" parent="." unique_id=1504820696 instance=ExtResource("5_7r4hb")]
transform = Transform3D(1, 0, 0, 0, 1, 0, 0, 0, 1, 299.1, 0, -140)

[node name="rowBlock146" parent="." unique_id=1663237108 instance=ExtResource("5_7r4hb")]
transform = Transform3D(1, 0, 0, 0, 1, 0, 0, 0, 1, 321.1, 0, -140)

[node name="rowBlock147" parent="." unique_id=1471845230 instance=ExtResource("5_7r4hb")]
transform = Transform3D(1, 0, 0, 0, 1, 0, 0, 0, 1, 342.1, 0, -140)

[node name="rowBlock148" parent="." unique_id=1383514211 instance=ExtResource("5_7r4hb")]
transform = Transform3D(1, 0, 0, 0, 1, 0, 0, 0, 1, 364.1, 0, -140)

[node name="rowBlock149" parent="." unique_id=96252303 instance=ExtResource("5_7r4hb")]
transform = Transform3D(1, 0, 0, 0, 1, 0, 0, 0, 1, 385.1, 0, -140)

[node name="rowBlock150" parent="." unique_id=1695237865 instance=ExtResource("5_7r4hb")]
transform = Transform3D(1, 0, 0, 0, 1, 0, 0, 0, 1, 406.1, 0, -140)

[node name="rowBlock151" parent="." unique_id=1575744526 instance=ExtResource("5_7r4hb")]
transform = Transform3D(0.90630776, 0, -0.42261827, 0, 1, 0, 0.42261827, 0, 0.90630776, 427.1, 0, -138)

[node name="rowBlock152" parent="." unique_id=431878503 instance=ExtResource("5_7r4hb")]
transform = Transform3D(0.57357645, 0, -0.8191521, 0, 1, 0, 0.8191521, 0, 0.57357645, 443.1, 0, -128)

[node name="rowBlock153" parent="." unique_id=1140240812 instance=ExtResource("5_7r4hb")]
transform = Transform3D(0.34202015, 0, -0.9396927, 0, 1, 0, 0.9396927, 0, 0.34202015, 453.1, 0, -112)

[node name="rowBlock154" parent="." unique_id=1505403920 instance=ExtResource("5_7r4hb")]
transform = Transform3D(0.5735764, 0, -0.81915206, 0, 1, 0, 0.81915206, 0, 0.5735764, 461.1, 0, -94)

[node name="rowBlock155" parent="." unique_id=365629712 instance=ExtResource("5_7r4hb")]
transform = Transform3D(0.9659258, 0, -0.2588191, 0, 1, 0, 0.2588191, 0, 0.9659258, 474.1, 0, -80)

[node name="rowBlock156" parent="." unique_id=797828800 instance=ExtResource("5_7r4hb")]
transform = Transform3D(1, 0, -5.9604645e-08, 0, 1, 0, 5.9604645e-08, 0, 1, 494.1, 0, -77)

[node name="rowBlock157" parent="." unique_id=1296297298 instance=ExtResource("5_7r4hb")]
transform = Transform3D(1, 0, -5.9604645e-08, 0, 1, 0, 5.9604645e-08, 0, 1, 515.1, 0, -78)

[node name="rowBlock158" parent="." unique_id=2095072764 instance=ExtResource("5_7r4hb")]
transform = Transform3D(0.8660253, 0, -0.50000006, 0, 1, 0, 0.50000006, 0, 0.8660253, 535.1, 0, -75)

[node name="rowBlock159" parent="." unique_id=29290070 instance=ExtResource("5_7r4hb")]
transform = Transform3D(0.49999994, 0, -0.86602557, 0, 1, 0, 0.86602557, 0, 0.49999994, 551.1, 0, -64)

[node name="rowBlock160" parent="." unique_id=1819344037 instance=ExtResource("5_7r4hb")]
transform = Transform3D(0.17364806, 0, -0.98480785, 0, 1, 0, 0.98480785, 0, 0.17364806, 559.1, 0, -46)

[node name="rowBlock161" parent="." unique_id=2077037388 instance=ExtResource("5_7r4hb")]
transform = Transform3D(-0.17364828, 0, -0.9848078, 0, 1, 0, 0.9848078, 0, -0.17364828, 561.1, 0, -26)

[node name="rowBlock162" parent="." unique_id=1447009536 instance=ExtResource("5_7r4hb")]
transform = Transform3D(-0.17364828, 0, -0.9848078, 0, 1, 0, 0.9848078, 0, -0.17364828, 558.1, 0, -6)

[node name="rowBlock163" parent="." unique_id=1363335101 instance=ExtResource("5_7r4hb")]
transform = Transform3D(-0.25881916, 0, -0.9659259, 0, 1, 0, 0.9659259, 0, -0.25881916, 554.1, 0, 13)

[node name="rowBlock164" parent="." unique_id=1948138869 instance=ExtResource("5_7r4hb")]
transform = Transform3D(-0.25881916, 0, -0.9659259, 0, 1, 0, 0.9659259, 0, -0.25881916, 549.1, 0, 33)

[node name="rowBlock165" parent="." unique_id=1562293897 instance=ExtResource("5_7r4hb")]
transform = Transform3D(-0.5735765, 0, -0.81915206, 0, 1, 0, 0.81915206, 0, -0.5735765, 543.1, 0, 52)

[node name="rowBlock166" parent="." unique_id=653727890 instance=ExtResource("5_7r4hb")]
transform = Transform3D(-0.7660445, 0, -0.6427876, 0, 1, 0, 0.6427876, 0, -0.7660445, 530.1, 0, 69)

[node name="rowBlock167" parent="." unique_id=886560593 instance=ExtResource("5_7r4hb")]
transform = Transform3D(-0.9659258, 0, -0.25881895, 0, 1, 0, 0.25881895, 0, -0.9659258, 513.1, 0, 80)

[node name="rowBlock168" parent="." unique_id=1053218805 instance=ExtResource("5_7r4hb")]
transform = Transform3D(-0.99999994, 0, 8.940697e-08, 0, 1, 0, -8.940697e-08, 0, -0.99999994, 493.09998, 0, 84)

[node name="rowBlock169" parent="." unique_id=576560536 instance=ExtResource("5_7r4hb")]
transform = Transform3D(-0.93969256, 0, -0.34201998, 0, 1, 0, 0.34201998, 0, -0.93969256, 473.09998, 0, 86)

[node name="rowBlock170" parent="." unique_id=338446647 instance=ExtResource("5_7r4hb")]
transform = Transform3D(-0.93969256, 0, -0.34201998, 0, 1, 0, 0.34201998, 0, -0.93969256, 454.09998, 0, 93)

[node name="rowBlock171" parent="." unique_id=1618603211 instance=ExtResource("5_7r4hb")]
transform = Transform3D(-0.93969256, 0, -0.34201998, 0, 1, 0, 0.34201998, 0, -0.93969256, 435.09998, 0, 102)

[node name="rowBlock172" parent="." unique_id=1442207098 instance=ExtResource("5_7r4hb")]
transform = Transform3D(-0.9848076, 0, -0.17364801, 0, 1, 0, 0.17364801, 0, -0.9848076, 416.09998, 0, 109)

[node name="rowBlock173" parent="." unique_id=1070134827 instance=ExtResource("5_7r4hb")]
transform = Transform3D(-0.99999976, 0, 1.3411045e-07, 0, 1, 0, -1.3411045e-07, 0, -0.99999976, 396.09998, 0, 112)

[node name="rowBlock174" parent="." unique_id=735980261 instance=ExtResource("5_7r4hb")]
transform = Transform3D(-0.9961946, 0, 0.08715585, 0, 1, 0, -0.08715585, 0, -0.9961946, 376.09998, 0, 111)

[node name="rowBlock175" parent="." unique_id=818546527 instance=ExtResource("5_7r4hb")]
transform = Transform3D(-0.9961947, 0, 0.087155856, 0, 1, 0, -0.087155856, 0, -0.9961947, 355.09998, 0, 109)

[node name="rowBlock176" parent="." unique_id=1959278728 instance=ExtResource("5_7r4hb")]
transform = Transform3D(-0.9848077, 0, 0.17364827, 0, 1, 0, -0.17364827, 0, -0.9848077, 335.09998, 0, 107)

[node name="rowBlock177" parent="." unique_id=1511406388 instance=ExtResource("5_7r4hb")]
transform = Transform3D(-0.9848077, 0, 0.17364827, 0, 1, 0, -0.17364827, 0, -0.9848077, 313.09998, 0, 103)

[node name="rowBlock178" parent="." unique_id=576190831 instance=ExtResource("5_7r4hb")]
transform = Transform3D(-0.9961947, 0, 0.08715585, 0, 1, 0, -0.08715585, 0, -0.9961947, 292.09998, 0, 100)

[node name="rowBlock179" parent="." unique_id=1440618590 instance=ExtResource("5_7r4hb")]
transform = Transform3D(-0.8660253, 0, 0.50000006, 0, 1, 0, -0.50000006, 0, -0.8660253, 272.09998, 0, 97)

[node name="rowBlock180" parent="." unique_id=1169546724 instance=ExtResource("5_7r4hb")]
transform = Transform3D(-0.25881895, 0, 0.9659258, 0, 1, 0, -0.9659258, 0, -0.25881895, 257.09998, 0, 84)

[node name="rowBlock181" parent="." unique_id=1492730281 instance=ExtResource("5_7r4hb")]
transform = Transform3D(0.34202024, 0, 0.93969256, 0, 1, 0, -0.93969256, 0, 0.34202024, 255.09998, 0, 64)

[node name="rowBlock182" parent="." unique_id=857370506 instance=ExtResource("5_7r4hb")]
transform = Transform3D(0.50000006, 0, 0.86602527, 0, 1, 0, -0.86602527, 0, 0.50000006, 262.09998, 0, 45)

[node name="rowBlock183" parent="." unique_id=432835649 instance=ExtResource("5_7r4hb")]
transform = Transform3D(0.5735765, 0, 0.81915194, 0, 1, 0, -0.81915194, 0, 0.5735765, 273.09998, 0, 27)

[node name="rowBlock184" parent="." unique_id=245449605 instance=ExtResource("5_7r4hb")]
transform = Transform3D(0.6427877, 0, 0.7660444, 0, 1, 0, -0.7660444, 0, 0.6427877, 285.09998, 0, 12)

[node name="rowBlock185" parent="." unique_id=1321830 instance=ExtResource("5_7r4hb")]
transform = Transform3D(0.7071068, 0, 0.7071067, 0, 1, 0, -0.7071067, 0, 0.7071068, 297.09998, 0, -3)

[node name="rowBlock186" parent="." unique_id=461381080 instance=ExtResource("5_7r4hb")]
transform = Transform3D(0.7660445, 0, 0.6427876, 0, 1, 0, -0.6427876, 0, 0.7660445, 312.09998, 0, -17)

[node name="rowBlock187" parent="." unique_id=907208851 instance=ExtResource("5_7r4hb")]
transform = Transform3D(0.9659258, 0, 0.25881895, 0, 1, 0, -0.25881895, 0, 0.9659258, 328.89688, 0, -28.29137)

[node name="rowBlock189" parent="." unique_id=17148315 instance=ExtResource("5_7r4hb")]
transform = Transform3D(0.96592575, 0, -0.2588191, 0, 1, 0, 0.2588191, 0, 0.96592575, 350.89688, 0, -29.29137)

[node name="rowBlock190" parent="." unique_id=1260124211 instance=ExtResource("5_7r4hb")]
transform = Transform3D(0.70710665, 0, -0.70710677, 0, 1, 0, 0.70710677, 0, 0.70710665, 368.89688, 0, -20.29137)

[node name="rowBlock191" parent="." unique_id=63985019 instance=ExtResource("5_7r4hb")]
transform = Transform3D(0.8191519, 0, -0.57357645, 0, 1, 0, 0.57357645, 0, 0.8191519, 382.89688, 0, -6.2913704)

[node name="rowBlock192" parent="." unique_id=848528651 instance=ExtResource("5_7r4hb")]
transform = Transform3D(0.7660445, 0, 0.64278746, 0, 1, 0, -0.64278746, 0, 0.7660445, 399.89688, 0, 1.7086296)

[node name="rowBlock193" parent="." unique_id=2098241650 instance=ExtResource("5_7r4hb")]
transform = Transform3D(0.34202027, 0, 0.9396925, 0, 1, 0, -0.9396925, 0, 0.34202027, 412.89688, 0, -14.29137)

[node name="rowBlock194" parent="." unique_id=589840390 instance=ExtResource("5_7r4hb")]
transform = Transform3D(-0.25881884, 0, 0.9659258, 0, 1, 0, -0.9659258, 0, -0.25881884, 416.89688, 0, -35.29137)

[node name="rowBlock195" parent="." unique_id=313395691 instance=ExtResource("5_7r4hb")]
transform = Transform3D(-0.8660252, 0, 0.5000001, 0, 1, 0, -0.5000001, 0, -0.8660252, 405.89688, 0, -52.29137)

[node name="rowBlock196" parent="." unique_id=395998310 instance=ExtResource("5_7r4hb")]
transform = Transform3D(-0.9961946, 0, 0.08715591, 0, 1, 0, -0.08715591, 0, -0.9961946, 385.89688, 0, -57.29137)

[node name="rowBlock197" parent="." unique_id=1617215882 instance=ExtResource("5_7r4hb")]
transform = Transform3D(-0.9848078, 0, 0.17364836, 0, 1, 0, -0.17364836, 0, -0.9848078, 364.89688, 0, -59.29137)

[node name="rowBlock198" parent="." unique_id=1167580856 instance=ExtResource("5_7r4hb")]
transform = Transform3D(-0.9659259, 0, 0.25881922, 0, 1, 0, -0.25881922, 0, -0.9659259, 344.89688, 0, -63.291367)

[node name="rowBlock199" parent="." unique_id=976368644 instance=ExtResource("5_7r4hb")]
transform = Transform3D(-0.9659259, 0, 0.25881922, 0, 1, 0, -0.25881922, 0, -0.9659259, 323.89688, 0, -68.29137)

[node name="rowBlock200" parent="." unique_id=964880898 instance=ExtResource("5_7r4hb")]
transform = Transform3D(-0.9848078, 0, 0.17364836, 0, 1, 0, -0.17364836, 0, -0.9848078, 303.89688, 0, -72.29137)

[node name="rowBlock201" parent="." unique_id=2066867956 instance=ExtResource("5_7r4hb")]
transform = Transform3D(-0.98480785, 0, -0.17364806, 0, 1, 0, 0.17364806, 0, -0.98480785, 283.89688, 0, -72.29137)

[node name="rowBlock202" parent="." unique_id=363462651 instance=ExtResource("5_7r4hb")]
transform = Transform3D(-0.98480785, 0, -0.17364806, 0, 1, 0, 0.17364806, 0, -0.98480785, 263.89688, 0, -68.29137)

[node name="rowBlock203" parent="." unique_id=87360631 instance=ExtResource("5_7r4hb")]
transform = Transform3D(-0.9961948, 0, 0.08715588, 0, 1, 0, -0.08715588, 0, -0.9961948, 241.89688, 0, -66.29137)

[node name="rowBlock204" parent="." unique_id=499675139 instance=ExtResource("5_7r4hb")]
transform = Transform3D(-0.9659258, 0, 0.25881916, 0, 1, 0, -0.25881916, 0, -0.9659258, 220.89688, 0, -69.29137)

[node name="rowBlock205" parent="." unique_id=264524192 instance=ExtResource("5_7r4hb")]
transform = Transform3D(-0.93969274, 0, -0.3420201, 0, 1, 0, 0.3420201, 0, -0.93969274, 201.89688, 0, -71.29137)

[node name="rowBlock206" parent="." unique_id=303253318 instance=ExtResource("5_7r4hb")]
transform = Transform3D(-0.4226184, 0, -0.9063078, 0, 1, 0, 0.9063078, 0, -0.4226184, 184.89688, 0, -61.291367)

[node name="rowBlock207" parent="." unique_id=1683834409 instance=ExtResource("5_7r4hb")]
transform = Transform3D(0.34202006, 0, -0.93969274, 0, 1, 0, 0.93969274, 0, 0.34202006, 182.89688, 0, -44.291367)

[node name="rowBlock208" parent="." unique_id=2109078579 instance=ExtResource("5_7r4hb")]
transform = Transform3D(0.34202006, 0, -0.93969274, 0, 1, 0, 0.93969274, 0, 0.34202006, 189.89688, 0, -26.291367)

[node name="rowBlock209" parent="." unique_id=102119433 instance=ExtResource("5_7r4hb")]
transform = Transform3D(-0.08715588, 0, -0.9961948, 0, 1, 0, 0.9961948, 0, -0.08715588, 193.89688, 0, -7.2913666)

[node name="rowBlock210" parent="." unique_id=117127707 instance=ExtResource("5_7r4hb")]
transform = Transform3D(-0.42261836, 0, -0.90630776, 0, 1, 0, 0.90630776, 0, -0.42261836, 190.89688, 0, 11.708633)

[node name="rowBlock211" parent="." unique_id=1086738122 instance=ExtResource("5_7r4hb")]
transform = Transform3D(-0.7071068, 0, -0.7071067, 0, 1, 0, 0.7071067, 0, -0.7071068, 180.89688, 0, 28.708633)

[node name="rowBlock212" parent="." unique_id=876781194 instance=ExtResource("5_7r4hb")]
transform = Transform3D(-0.81915206, 0, -0.57357633, 0, 1, 0, 0.57357633, 0, -0.81915206, 165.89688, 0, 42.708633)

[node name="rowBlock213" parent="." unique_id=1509173302 instance=ExtResource("5_7r4hb")]
transform = Transform3D(-0.81915206, 0, -0.57357633, 0, 1, 0, 0.57357633, 0, -0.81915206, 147.89688, 0, 54.708633)

[node name="rowBlock214" parent="." unique_id=1691399168 instance=ExtResource("5_7r4hb")]
transform = Transform3D(-0.86602545, 0, -0.49999994, 0, 1, 0, 0.49999994, 0, -0.86602545, 130.89688, 0, 66.70863)

[node name="rowBlock215" parent="." unique_id=1597845301 instance=ExtResource("5_7r4hb")]
transform = Transform3D(-0.86602545, 0, -0.49999994, 0, 1, 0, 0.49999994, 0, -0.86602545, 112.89688, 0, 77.70863)

[node name="rowBlock217" parent="." unique_id=590826762 instance=ExtResource("5_7r4hb")]
transform = Transform3D(-0.86602545, 0, -0.49999994, 0, 1, 0, 0.49999994, 0, -0.86602545, 94.89688, 0, 87.70863)

[node name="rowBlock218" parent="." unique_id=1247411789 instance=ExtResource("5_7r4hb")]
transform = Transform3D(-0.9396926, 0, -0.34202006, 0, 1, 0, 0.34202006, 0, -0.9396926, 76.89688, 0, 97.70863)

[node name="rowBlock219" parent="." unique_id=1925908585 instance=ExtResource("5_7r4hb")]
transform = Transform3D(-0.99619466, 0, -0.08715567, 0, 1, 0, 0.08715567, 0, -0.99619466, 57.89688, 0, 103.70863)

[node name="rowBlock220" parent="." unique_id=986357447 instance=ExtResource("5_7r4hb")]
transform = Transform3D(-0.9063077, 0, 0.4226183, 0, 1, 0, -0.4226183, 0, -0.9063077, 35.89688, 0, 103.70863)

[node name="rowBlock221" parent="." unique_id=166745488 instance=ExtResource("5_7r4hb")]
transform = Transform3D(-0.6427875, 0, 0.76604444, 0, 1, 0, -0.76604444, 0, -0.6427875, 16.896881, 0, 92.70863)

[node name="rowBlock216" parent="." unique_id=5044001 instance=ExtResource("5_7r4hb")]
transform = Transform3D(-0.42261833, 0, 0.90630776, 0, 1, 0, -0.90630776, 0, -0.42261833, -7, 0, 57)

[node name="rowBlock222" parent="." unique_id=2034626098 instance=ExtResource("5_7r4hb")]
transform = Transform3D(-0.42261833, 0, 0.90630776, 0, 1, 0, -0.90630776, 0, -0.42261833, -16, 0, 38)

[node name="rowBlock223" parent="." unique_id=603242031 instance=ExtResource("5_7r4hb")]
transform = Transform3D(-0.50000006, 0, 0.86602545, 0, 1, 0, -0.86602545, 0, -0.50000006, -25, 0, 19)

[node name="rowBlock224" parent="." unique_id=259780828 instance=ExtResource("5_7r4hb")]
transform = Transform3D(-0.50000006, 0, 0.86602545, 0, 1, 0, -0.86602545, 0, -0.50000006, -36, 0, 1)

[node name="rowBlock225" parent="." unique_id=1602532295 instance=ExtResource("5_7r4hb")]
transform = Transform3D(-0.7660445, 0, 0.64278764, 0, 1, 0, -0.64278764, 0, -0.7660445, -49, 0, -16)

[node name="rowBlock226" parent="." unique_id=988568527 instance=ExtResource("5_7r4hb")]
transform = Transform3D(-0.9063078, 0, 0.42261827, 0, 1, 0, -0.42261827, 0, -0.9063078, -67, 0, -29)

[node name="rowBlock227" parent="." unique_id=160379925 instance=ExtResource("5_7r4hb")]
transform = Transform3D(-0.9848078, 0, 0.17364818, 0, 1, 0, -0.17364818, 0, -0.9848078, -88, 0, -36)

[node name="rowBlock228" parent="." unique_id=204139927 instance=ExtResource("5_7r4hb")]
transform = Transform3D(-0.9848078, 0, 0.17364818, 0, 1, 0, -0.17364818, 0, -0.9848078, -111, 0, -40)

[node name="rowBlock229" parent="." unique_id=2127503184 instance=ExtResource("5_7r4hb")]
transform = Transform3D(-0.9961948, 0, 0.08715575, 0, 1, 0, -0.08715575, 0, -0.9961948, -132, 0, -43)

[node name="rowBlock230" parent="." unique_id=1514138216 instance=ExtResource("5_7r4hb")]
transform = Transform3D(-0.9961948, 0, -0.08715576, 0, 1, 0, 0.08715576, 0, -0.9961948, -154, 0, -43)

[node name="rowBlock231" parent="." unique_id=350303417 instance=ExtResource("5_7r4hb")]
transform = Transform3D(-0.087155774, 0, -0.9961947, 0, 1, 0, 0.9961947, 0, -0.087155774, -169, 0, -33)

[node name="rowBlock232" parent="." unique_id=2052107700 instance=ExtResource("5_7r4hb")]
transform = Transform3D(0.087155744, 0, -0.9961947, 0, 1, 0, 0.9961947, 0, 0.087155744, -169, 0, -14)

[node name="rowBlock233" parent="." unique_id=1601784407 instance=ExtResource("5_7r4hb")]
transform = Transform3D(0.25881904, 0, -0.9659258, 0, 1, 0, 0.9659258, 0, 0.25881904, -166, 0, 6)

[node name="rowBlock234" parent="." unique_id=1730564394 instance=ExtResource("5_7r4hb")]
transform = Transform3D(0.9396926, 0, -0.34202012, 0, 1, 0, 0.34202012, 0, 0.9396926, -157, 0, 21)

[node name="rowBlock235" parent="." unique_id=515279194 instance=ExtResource("5_7r4hb")]
transform = Transform3D(0.9961947, 0, -0.0871557, 0, 1, 0, 0.0871557, 0, 0.9961947, -139, 0, 26)

[node name="rowBlock236" parent="." unique_id=810021312 instance=ExtResource("5_7r4hb")]
transform = Transform3D(0.9396926, 0, -0.3420201, 0, 1, 0, 0.3420201, 0, 0.9396926, -118, 0, 27)

[node name="rowBlock237" parent="." unique_id=939785730 instance=ExtResource("5_7r4hb")]
transform = Transform3D(0.17364821, 0, -0.9848079, 0, 1, 0, 0.9848079, 0, 0.17364821, -102, 0, 38)

[node name="rowBlock238" parent="." unique_id=236660586 instance=ExtResource("5_7r4hb")]
transform = Transform3D(-0.5000001, 0, -0.8660255, 0, 1, 0, 0.8660255, 0, -0.5000001, -102, 0, 58)

[node name="rowBlock239" parent="." unique_id=379101324 instance=ExtResource("5_7r4hb")]
transform = Transform3D(-0.70710695, 0, -0.7071068, 0, 1, 0, 0.7071068, 0, -0.70710695, -112, 0, 76)

[node name="rowBlock240" parent="." unique_id=2020268752 instance=ExtResource("5_7r4hb")]
transform = Transform3D(-0.70710695, 0, -0.7071068, 0, 1, 0, 0.7071068, 0, -0.70710695, -126, 0, 90)

[node name="rowBlock241" parent="." unique_id=34311666 instance=ExtResource("5_7r4hb")]
transform = Transform3D(-0.7660446, 0, -0.6427877, 0, 1, 0, 0.6427877, 0, -0.7660446, -140, 0, 104)

[node name="rowBlock242" parent="." unique_id=1410584752 instance=ExtResource("5_7r4hb")]
transform = Transform3D(-0.7660446, 0, -0.6427877, 0, 1, 0, 0.6427877, 0, -0.7660446, -155, 0, 117)

[node name="rowBlock243" parent="." unique_id=1448838021 instance=ExtResource("5_7r4hb")]
transform = Transform3D(-0.81915224, 0, -0.5735765, 0, 1, 0, 0.5735765, 0, -0.81915224, -170, 0, 129)

[node name="rowBlock244" parent="." unique_id=285420729 instance=ExtResource("5_7r4hb")]
transform = Transform3D(-0.9396928, 0, -0.34202015, 0, 1, 0, 0.34202015, 0, -0.9396928, -186, 0, 139)

[node name="rowBlock245" parent="." unique_id=1740496389 instance=ExtResource("5_7r4hb")]
transform = Transform3D(-1.0000001, 0, 2.9802322e-08, 0, 1, 0, -2.9802322e-08, 0, -1.0000001, -205, 0, 144)

[node name="rowBlock246" parent="." unique_id=1248993637 instance=ExtResource("5_7r4hb")]
transform = Transform3D(-0.9659259, 0, 0.25881907, 0, 1, 0, -0.25881907, 0, -0.9659259, -224, 0, 143)

[node name="rowBlock247" parent="." unique_id=1131868230 instance=ExtResource("5_7r4hb")]
transform = Transform3D(-0.9063078, 0, 0.42261827, 0, 1, 0, -0.42261827, 0, -0.9063078, -243, 0, 138)

[node name="rowBlock248" parent="." unique_id=1353842142 instance=ExtResource("5_7r4hb")]
transform = Transform3D(-0.86602545, 0, 0.5, 0, 1, 0, -0.5, 0, -0.86602545, -260, 0, 129)

[node name="rowBlock249" parent="." unique_id=704871619 instance=ExtResource("5_7r4hb")]
transform = Transform3D(-0.86602545, 0, 0.5, 0, 1, 0, -0.5, 0, -0.86602545, -278, 0, 119)

[node name="rowBlock250" parent="." unique_id=1042511955 instance=ExtResource("5_7r4hb")]
transform = Transform3D(-0.7660445, 0, 0.6427876, 0, 1, 0, -0.6427876, 0, -0.7660445, -295, 0, 108)

[node name="rowBlock251" parent="." unique_id=1486935370 instance=ExtResource("5_7r4hb")]
transform = Transform3D(-0.42261827, 0, 0.90630776, 0, 1, 0, -0.90630776, 0, -0.42261827, -310, 0, 93)

[node name="rowBlock252" parent="." unique_id=1595999045 instance=ExtResource("5_7r4hb")]
transform = Transform3D(-0.3420202, 0, 0.9396927, 0, 1, 0, -0.9396927, 0, -0.3420202, -318, 0, 75)

[node name="rowBlock253" parent="." unique_id=447978649 instance=ExtResource("5_7r4hb")]
transform = Transform3D(-0.2588191, 0, 0.9659259, 0, 1, 0, -0.9659259, 0, -0.2588191, -325, 0, 56)

[node name="rowBlock254" parent="." unique_id=471709267 instance=ExtResource("5_7r4hb")]
transform = Transform3D(0.17364815, 0, 0.9848078, 0, 1, 0, -0.9848078, 0, 0.17364815, -329, 0, 36)

[node name="rowBlock255" parent="." unique_id=264559064 instance=ExtResource("5_7r4hb")]
transform = Transform3D(0.49999997, 0, 0.86602545, 0, 1, 0, -0.86602545, 0, 0.49999997, -323, 0, 17)

[node name="rowBlock256" parent="." unique_id=606693838 instance=ExtResource("5_7r4hb")]
transform = Transform3D(0.70710677, 0, 0.7071068, 0, 1, 0, -0.7071068, 0, 0.70710677, -311, 0, 0)

[node name="rowBlock257" parent="." unique_id=989851621 instance=ExtResource("5_7r4hb")]
transform = Transform3D(0.76604444, 0, 0.6427877, 0, 1, 0, -0.6427877, 0, 0.76604444, -297, 0, -14)

[node name="rowBlock258" parent="." unique_id=813447679 instance=ExtResource("5_7r4hb")]
transform = Transform3D(-0.08715584, 0, 0.99619484, 0, 1, 0, -0.99619484, 0, -0.08715584, -285, 0, -30)

[node name="rowBlock259" parent="." unique_id=364055348 instance=ExtResource("5_7r4hb")]
transform = Transform3D(-0.17364828, 0, 0.98480785, 0, 1, 0, -0.98480785, 0, -0.17364828, -288, 0, -51)

[node name="rowBlock260" parent="." unique_id=182840882 instance=ExtResource("5_7r4hb")]
transform = Transform3D(0.17364806, 0, 0.9848078, 0, 1, 0, -0.9848078, 0, 0.17364806, -291, 0, -73)

[node name="rowBlock261" parent="." unique_id=1164638287 instance=ExtResource("5_7r4hb")]
transform = Transform3D(0.57357633, 0, 0.8191521, 0, 1, 0, -0.8191521, 0, 0.57357633, -284, 0, -93)

[node name="rowBlock262" parent="." unique_id=514929250 instance=ExtResource("5_7r4hb")]
transform = Transform3D(0.81915194, 0, 0.57357657, 0, 1, 0, -0.57357657, 0, 0.81915194, -271, 0, -109)

[node name="rowBlock263" parent="." unique_id=632981335 instance=ExtResource("5_7r4hb")]
transform = Transform3D(0.81915194, 0, 0.57357657, 0, 1, 0, -0.57357657, 0, 0.81915194, -254, 0, -121)

[node name="rowBlock264" parent="." unique_id=668760864 instance=ExtResource("5_7r4hb")]
transform = Transform3D(0.98480767, 0, 0.17364833, 0, 1, 0, -0.17364833, 0, 0.98480767, -236, 0, -132)

[node name="rowBlock265" parent="." unique_id=258014417 instance=ExtResource("5_7r4hb")]
transform = Transform3D(0.99619466, 0, 0.087155916, 0, 1, 0, -0.087155916, 0, 0.99619466, -213, 0, -136)

[node name="rowBlock266" parent="." unique_id=324469301 instance=ExtResource("5_7r4hb")]
transform = Transform3D(1.0000001, 0, 1.8626451e-07, 0, 1, 0, -1.8626451e-07, 0, 1.0000001, -192, 0, -138)

[node name="rowBlock267" parent="." unique_id=1721545509 instance=ExtResource("5_7r4hb")]
transform = Transform3D(1.0000001, 0, 1.862645e-07, 0, 1, 0, -1.862645e-07, 0, 1.0000001, -171, 0, -139)

[node name="rowBlock268" parent="." unique_id=1335596158 instance=ExtResource("5_7r4hb")]
transform = Transform3D(0.99619484, 0, 0.08715593, 0, 1, 0, -0.08715593, 0, 0.99619484, -149, 0, -140)

[node name="rowBlock269" parent="." unique_id=2101713281 instance=ExtResource("5_7r4hb")]
transform = Transform3D(1.0000001, 0, 1.862645e-07, 0, 1, 0, -1.862645e-07, 0, 1.0000001, -126, 0, -142)

[node name="rowBlock270" parent="." unique_id=1028150332 instance=ExtResource("5_7r4hb")]
transform = Transform3D(1.0000001, 0, 1.862645e-07, 0, 1, 0, -1.862645e-07, 0, 1.0000001, -103, 0, -141)

[node name="rowBlock271" parent="." unique_id=890404859 instance=ExtResource("5_7r4hb")]
transform = Transform3D(1.0000001, 0, 1.862645e-07, 0, 1, 0, -1.862645e-07, 0, 1.0000001, -80, 0, -141)

[node name="rowBlock272" parent="." unique_id=601698831 instance=ExtResource("5_7r4hb")]
transform = Transform3D(1.0000001, 0, 1.862645e-07, 0, 1, 0, -1.862645e-07, 0, 1.0000001, -57, 0, -141)

[node name="rowBlock273" parent="." unique_id=1294630940 instance=ExtResource("5_7r4hb")]
transform = Transform3D(1.0000001, 0, 1.862645e-07, 0, 1, 0, -1.862645e-07, 0, 1.0000001, -34, 0, -141)

[node name="rowBlock274" parent="." unique_id=170553987 instance=ExtResource("5_7r4hb")]
transform = Transform3D(1.0000001, 0, 1.862645e-07, 0, 1, 0, -1.862645e-07, 0, 1.0000001, -13, 0, -141)

[node name="rowBlock275" parent="." unique_id=2013137395 instance=ExtResource("5_7r4hb")]
transform = Transform3D(1.0000001, 0, 1.862645e-07, 0, 1, 0, -1.862645e-07, 0, 1.0000001, 7, 0, -141)

[node name="rowBlock188" parent="." unique_id=34437478 instance=ExtResource("5_7r4hb")]
transform = Transform3D(-0.50000006, 0, 0.8660254, 0, 1, 0, -0.8660254, 0, -0.50000006, 4, 0, 76)

[node name="rowBlock144" parent="." unique_id=1992567331 instance=ExtResource("5_7r4hb")]
transform = Transform3D(1, 0, 0, 0, 1, 0, 0, 0, 1, 256.1, 0, -140)

[node name="rowBlock2" parent="." unique_id=608952833 instance=ExtResource("5_7r4hb")]
transform = Transform3D(1, 0, 0, 0, 1, 0, 0, 0, 1, 51.299953, 0, -111.5)

[node name="rowBlock3" parent="." unique_id=779546724 instance=ExtResource("5_7r4hb")]
transform = Transform3D(1, 0, 0, 0, 1, 0, 0, 0, 1, 73.17641, 0, -111.3)

[node name="rowBlock4" parent="." unique_id=1970386581 instance=ExtResource("5_7r4hb")]
transform = Transform3D(1, 0, 0, 0, 1, 0, 0, 0, 1, 95.593956, 0, -111.4)

[node name="rowBlock5" parent="." unique_id=1331467731 instance=ExtResource("5_7r4hb")]
transform = Transform3D(1, 0, 0, 0, 1, 0, 0, 0, 1, 116.60669, 0, -111.3)

[node name="rowBlock6" parent="." unique_id=43802787 instance=ExtResource("5_7r4hb")]
transform = Transform3D(1, 0, 0, 0, 1, 0, 0, 0, 1, 134.99481, 0, -111.3)

[node name="rowBlock7" parent="." unique_id=941267909 instance=ExtResource("5_7r4hb")]
transform = Transform3D(1, 0, 0, 0, 1, 0, 0, 0, 1, 152.61116, 0, -111.5)

[node name="rowBlock8" parent="." unique_id=1809458262 instance=ExtResource("5_7r4hb")]
transform = Transform3D(1, 0, 0, 0, 1, 0, 0, 0, 1, 172.00143, 0, -111.7)

[node name="rowBlock9" parent="." unique_id=1801726813 instance=ExtResource("5_7r4hb")]
transform = Transform3D(1, 0, 0, 0, 1, 0, 0, 0, 1, 190.95795, 0, -111.4)

[node name="rowBlock10" parent="." unique_id=2062041651 instance=ExtResource("5_7r4hb")]
transform = Transform3D(1, 0, 0, 0, 1, 0, 0, 0, 1, 213.22716, 0, -111.6)

[node name="rowBlock11" parent="." unique_id=116369302 instance=ExtResource("5_7r4hb")]
transform = Transform3D(1, 0, 0, 0, 1, 0, 0, 0, 1, 235.40388, 0, -111.2)

[node name="rowBlock12" parent="." unique_id=96258785 instance=ExtResource("5_7r4hb")]
transform = Transform3D(1, 0, 0, 0, 1, 0, 0, 0, 1, 257.37366, 0, -111)

[node name="rowBlock13" parent="." unique_id=1279387542 instance=ExtResource("5_7r4hb")]
transform = Transform3D(1, 0, 0, 0, 1, 0, 0, 0, 1, 278.91666, 0, -110.7)

[node name="rowBlock14" parent="." unique_id=2139025758 instance=ExtResource("5_7r4hb")]
transform = Transform3D(1, 0, 0, 0, 1, 0, 0, 0, 1, 298.88535, 0, -110.8)

[node name="rowBlock15" parent="." unique_id=736062381 instance=ExtResource("5_7r4hb")]
transform = Transform3D(1, 0, 0, 0, 1, 0, 0, 0, 1, 320.51, 0, -110.6)

[node name="rowBlock16" parent="." unique_id=600889394 instance=ExtResource("5_7r4hb")]
transform = Transform3D(1, 0, 0, 0, 1, 0, 0, 0, 1, 342.51, 0, -110.3)

[node name="rowBlock17" parent="." unique_id=1329212041 instance=ExtResource("5_7r4hb")]
transform = Transform3D(1, 0, 0, 0, 1, 0, 0, 0, 1, 364.91647, 0, -109.5)

[node name="rowBlock18" parent="." unique_id=1932119382 instance=ExtResource("5_7r4hb")]
transform = Transform3D(1, 0, 0, 0, 1, 0, 0, 0, 1, 386.67975, 0, -109.6)

[node name="rowBlock19" parent="." unique_id=1608386706 instance=ExtResource("5_7r4hb")]
transform = Transform3D(0.9396926, 0, -0.34202015, 0, 1, 0, 0.34202015, 0, 0.9396926, 408.87256, 0, -109)

[node name="rowBlock20" parent="." unique_id=641022820 instance=ExtResource("5_7r4hb")]
transform = Transform3D(0.49770075, 0, -0.8673488, 0, 1, 0, 0.8673488, 0, 0.49770075, 427.14594, 0, -97)

[node name="rowBlock21" parent="." unique_id=458398902 instance=ExtResource("5_7r4hb")]
transform = Transform3D(0.49770075, 0, -0.8673488, 0, 1, 0, 0.8673488, 0, 0.49770075, 439.14594, 0, -76)

[node name="rowBlock22" parent="." unique_id=1847576189 instance=ExtResource("5_7r4hb")]
transform = Transform3D(0.81762755, 0, -0.57574755, 0, 1, 0, 0.57574755, 0, 0.81762755, 453.14594, 0, -57)

[node name="rowBlock23" parent="." unique_id=439642212 instance=ExtResource("5_7r4hb")]
transform = Transform3D(0.9999965, 0, -0.0026529133, 0, 1, 0, 0.0026529133, 0, 0.9999965, 473.14594, 0, -48)

[node name="rowBlock24" parent="." unique_id=1367280451 instance=ExtResource("5_7r4hb")]
transform = Transform3D(0.9999965, 0, -0.0026529133, 0, 1, 0, 0.0026529133, 0, 0.9999965, 496.14594, 0, -48)

[node name="rowBlock25" parent="." unique_id=1820898809 instance=ExtResource("5_7r4hb")]
transform = Transform3D(0.9999965, 0, -0.0026529133, 0, 1, 0, 0.0026529133, 0, 0.9999965, 516.14594, 0, -48)

[node name="rowBlock26" parent="." unique_id=752115790 instance=ExtResource("5_7r4hb")]
transform = Transform3D(-0.002652957, 0, -0.9999965, 0, 1, 0, 0.9999965, 0, -0.002652957, 530.14594, 0, -37)

[node name="rowBlock27" parent="." unique_id=15365798 instance=ExtResource("5_7r4hb")]
transform = Transform3D(-0.17626023, 0, -0.9843437, 0, 1, 0, 0.9843437, 0, -0.17626023, 529.14594, 0, -15)

[node name="rowBlock28" parent="." unique_id=1322387765 instance=ExtResource("5_7r4hb")]
transform = Transform3D(-0.2613807, 0, -0.9652359, 0, 1, 0, 0.9652359, 0, -0.2613807, 524.14594, 0, 9)

[node name="rowBlock29" parent="." unique_id=64391792 instance=ExtResource("5_7r4hb")]
transform = Transform3D(-0.42502117, 0, -0.90518343, 0, 1, 0, 0.90518343, 0, -0.42502117, 517.14594, 0, 30)

[node name="rowBlock30" parent="." unique_id=1465432360 instance=ExtResource("5_7r4hb")]
transform = Transform3D(-0.9405967, 0, -0.339526, 0, 1, 0, 0.339526, 0, -0.9405967, 503.14594, 0, 48)

[node name="rowBlock31" parent="." unique_id=811946517 instance=ExtResource("5_7r4hb")]
transform = Transform3D(-0.9852649, 0, -0.1710349, 0, 1, 0, 0.1710349, 0, -0.9852649, 478.14594, 0, 54)

[node name="rowBlock32" parent="." unique_id=163674389 instance=ExtResource("5_7r4hb")]
transform = Transform3D(-0.9405967, 0, -0.33952594, 0, 1, 0, 0.33952594, 0, -0.9405967, 455.14594, 0, 59)

[node name="rowBlock33" parent="." unique_id=103677360 instance=ExtResource("5_7r4hb")]
transform = Transform3D(-0.9074258, 0, -0.4202124, 0, 1, 0, 0.4202124, 0, -0.9074258, 436.14594, 0, 67)

[node name="rowBlock34" parent="." unique_id=895695461 instance=ExtResource("5_7r4hb")]
